56243
55412
58291
53879
53255
54189
58090
53474
53326
53278
53755
53936
53563
53601
55231
54051
54774
1192793
59398
60604
62434
59679
59312
59702
59638
59299
59523
59352
59385
61807
39931
40159
40342
41232
39043
39024
38347
38955
38823
38972
39201
38798
38895
41169
41211
40032
40431
40395
40227
39119
38659
38533
39175
37309
39558
38889
37562
38171
38570
37714
51661
45294
44885
41012
38063
40733
38535
37634
37246
37805
37338
37707
38381
38292
37557
39708
20368
19236
19093
19614
19700
19294
19457
19583
19647
19440
20398
21167
19502
19424
19264
19242
19594
19628
19172
19618
19642
19382
19682
19830

51325
