187645
184601
224891
298377
3067590
35511527
103089554
3889846
7363062
1050668
37679394
20000097
87312319
2485578
56385667
0
14221852
23728031
58147304
91781410
34497816
14261545
5066328
63498421
0
2160144
0
1382808
415176
2750023
3148164
10840878
5357451
259873
16507221
68315684
3875127
0
89886914
5610335
419374
426498
0
41704
43580
43452
43204
43069
39687
40570
2076811
0
15233103
99969574
12065785
20068241
21534
20457
20730
21263
21734
21752
21781
21616
22059
22493
22251
22404
21691
20903
21508
22196
21838
22547
22468
22191
127143
127624
126500
126968
127338
130285
127244
126514
22314037
4319880
0
68551002
12656304
7644093
2463198
0
26005970
33570466
31986510
46913154
77408773
3319322
0
34045508

82214777
0.09
