0
388951
0
17918968
13486341
11857732
102211339
5295080
0
0
0
19861361
542545
1818398
1240712
5393364
4119099
0
0
734501
22432765
0
32326703
67179099
0
0
4512357
1754054
267968
2884692
62755848
39032299
46423223
0
486042
483248
0
498116
45517816
0
58565039
61748284
244661
250323
226297
26698741
0
0
3898880
7566771
0
79111
80734
8864471
0
267545
272364
264419
2983104
0
42816205
55533329
0
3354755
0
0
6020250
0
9977915
25779430
0
0
4062650
0
0
0
747248
0
4103737
0
2712292
10023766
4108809
0
0
0
0
42356502
0
704000
683112
0
0
0
5318984
5182765
22045044
0
84081
81742

-92912998
0.38
