3992
2841
2671
2674
3065
2980
2785
2913
2951
3576
2976
2909
2766
2966
3092
2895
3278
2525
3045
2283
2293
2256
2185
2267
2530
2310
2222
2208
2333
2677
2639
2297
2235
2190
2200
2283
2282
2221
2094
2164
2339
4441
2733
2783
2565
2289
2473
3325
3349
3469
3716
3547
3284
3650
2285
1826
1816
1774
1830
1806
1785
1780
1820
1776
1803
1862
2023
1831
1808
1760
1789
1772
2009
1797
1790
1773
1785
1767
1773
2211
1909
1837
1827
1799
1796
1815
1789
1771
1756
1782
1793
1770
1990
1859
1835
1895
1821
1804
1797
1785

2335
