220001
52820
52553
51916
51843
52063
52411
52059
52053
52220
53082
52583
52429
52435
52435
52977
52635
70193
71138
76112
71632
70421
70687
70739
70702
71261
70846
70660
71735
71252
306839317
12746882
41535234
119630
7458883
21320354
453388
451198
447939
5933186
3840047
15176224
164564
173450
174055
35776448
459783
462457
1039025
6316829
153123
153035
159008
163686
356233
362099
365232
171016
166663
154592
157923
158376
625640
628090
838181
53821
53496
53485
53425
53398
53470
53902
53304
53220
53496
53636
53626
53422
336861
334286
360275
740201
737718
146775
147498
146202
1864347
10495
10350
10559
10911
11050
11239
11172
10921
11324
11127
11492
11338
11513

4731410
