61332
59348
58368
58189
58696
59848
60714
58288
59175
60007
59468
534732
535152
1349
1884
1298
1264
1254
1244
1220
1811
1303
1431
1371
1264
1318
1892
1766
1462
1347
2094
2059
1615
1318
1285
1338
1261
1238
1239
1267
1233
1485
1796
1287
1269
1448
1290
1255
1252
1280
1268
1239
1251
1403
1301
1283
1244
1454
1474
1318
1286
1249
1266
1277
1335
1367
2317
1336
1277
1533
1298
1266
1302
1968
1344
1366
1275
1255
1303
1260
1256
1463
1281
1279
1935
1356
1269
1972
1315
1371
1309
1255
1269
1268
1261
1859
1299
1276
1253
2033

18457
