56345
53477
53347
53408
53320
56043
54896
53725
55206
130582
128638
134267
130431
131057
130666
129601
33582
32032
31828
31963
31825
31990
32089
31882
32102
32023
34394
33603
34240
33673
32026
34410
32478
32477
32320
34299
33555
32399
32179
32811
32348
32714
33785
24476
23728
24434
25415
27929
24647
24939
24356
23261
25088
24372
23346
25787
25520
24956
24618
23473
26194
23557
23355
23279
23144
24827
23181
23522
23549
23795
23062
22989
23654
23073
23293
25958
23983
23554
23516
121755
121255
122561
124202
121029
119360
119759
121392
159141
157204
161470
159294
157891
160619
8540
8220
8132
10272
8615
8278
9401

51502
