103386465
0
14057260
0
0
59485979
0
4671605
0
0
18877725
364995
0
7155302
0
1550401
0
34094
36409
35892
36047
36337
36882
36741
36165
36280
36391
36243
36483
36350
35801
34406
35146
34512
36350
36352
0
55939552
4957113
0
4777307
0
545285
543868
0
0
59142510
52850236
13397178
28463646
0
0
96686106
0
22981682
0
18653701
0
66980751
0
20704116
18394187
1455374
1002035
2475614
0
0
14280883
58129051
15210952
35584750
12255560
0
0
0
49765726
71570830
27599304
95854247
0
0
28444316
2875875
0
69679054
32047
32707
32216
32237
32619
32418
32413
32782
32537
30716
30425
32745
32776
32863
33296

1161918219
0.28