15014857
0
6584048
1598807
0
9243513
0
1444228
0
2582536
13635842
6736910
0
5538618
5097688
0
23485690
2270150
546545
467878
252268
254499
256558
45324792
14715632
39464967
12807971
2944010
641141
567442
2634524
7642760
0
13668961
936601
76322628
4709543
878122
0
90757313
38368399
1091417
0
0
1280545
17746651
0
415137
410599
407650
1247506
112904169
15947834
0
6759239
52507
55122
55559
52849
52169
55584
55998
55429
55936
52873
55830
56028
55632
0
34021283
92225510
18072324
2312360
17435
17634
17651
17197
18017
18180
18538
19310
18847
19218
18756
19014
0
460959
466725
70431798
303829
305956
307025
106946991
0
47550334
0
3823490
697506
300372
300514

89551316
0.16
