150049
151425
146850
147704
146667
147389
146788
1503153
2108796
1751888
30126137
29557696
4746735
1800912
888379
743871
768073
6983467
10229757
5470128
0
303565
295724
300784
306152
3970758
507738
503984
2318741
60475335
163494
157096
159726
193287
744875
757000
734178
0
131169
120252
236728
239361
232820
244544
4462505
2497809
596214
688059
2826891
15919573
0
13648544
528681
54773353
7564260
678249
36852976
1124605
76923685
46752
52706
51334
19675960
0
382744
381385
398702
15725735
4066646
25587
25184
24022
26744
24921
25279
26493
24791
25256
25956
27337
25618
24761
26076
26333
26365
25860
25953
26355
26550
25440
89290
93069
97328
99749
91498
96418
90816
92678
93871
92829

20578998
0.04
