735768
730280
186303
186591
187695
199781
199753
200680
200586
201021
17507546
26455
25818
25994
27026
26329
26363
26229
26376
63389434
1909718
5969509
414377
1408679
1603664
71258700
71838
72844
72274
72892
72584
72227
277682
276479
268199
272191
5097435
219204
219115
219710
219495
236688
237779
236167
236115
499997
499508
65325
65582
65131
62612
64067
64937
65518
65693
67083
66223
66395
827115
826424
2657218
4242729
40451651
176310
176685
176339
180427
584154
584115
805240
1667471
6263321
181928
182365
187543
183125
183070
243855
244496
243719
243907
18316775
108031
107525
108255
108169
103831
6531275
98903
97015
98069
7110494
1081629
4985150
101425775
43249
44911
45364
44631
44401

3788863
