15746
13310
13149
13024
13224
14653
13245
13239
13085
14515
13153
13450
13628
14805
13511
14231
13565
13237
15287
13786
13170
13415
13742
14830
13687
14006
14606
13177
588404
587239
113012
115190
111850
116047
113601
112837
112267
93638
93791
93548
94544
95643
96678
95273
93950
94737
94142
4872764
12217
633964
620843
594690
593996
116888
117581
117142
117145
889719
845082
9063330
153994
1270882
118486
114442
146435
115987
112541
35787
35871
35592
36448
35609
38126
36398
35568
35455
37560
37114
35397
35814
35512
37330
36771
37626
44233
36211
35542
35685
35631
35476
35608
596713
598739
65419
64641
64560
64637
64676
64538
64698

264559
