538227
494182
525677
619111
498385
498908
513071
494832
495809
499647
495772
495271
499087
497298
553678
495948
498339
495653
493453
526332
495335
496686
500125
513783
494041
512829
526426
495828
508903
506959
493439
496983
540543
494272
510128
497524
493172
497936
502345
499585
494318
494975
496392
527153
514899
496762
496504
496979
628541
616474
539819
542871
527019
538247
557204
571359
593134
515796
626216
607714
593951
511036
507763
667917
521659
545531
574454
548698
517406
539951
611358
520944
548787
513311
566113
521334
507648
556493
547592
546422
560475
536185
517946
513955
513367
505649
579709
544244
575429
547248
546852
573890
545466
552475
563474
526821
521574
518310
559792
503600

529627
