5015324
4985111
4983097
5000034
5081345
5639130
5295720
5168720
5209744
5303233
5021608
5278632
5243703
5443805
5310148
5324862
5466649
5401592
5450913
5742036
5495421
5340846
5577651
5295835
5773832
5431704
5388575
5462755
5524922
5693623
5648580
5963014
6558312
6359902
5546101
5388210
5478055
5386554
5766421
6093516
5906162
5684397
5621851
5649945
5469763
5503319
5656152
6625338
5684644
5653841
5640690
5640765
7804176
8553807
8412556
8376033
8069813
9000705
9903227
8971681
10248755
10572351
10183292
9230222
11263246
9399270
10218949
10077802
9779046
10278709
12299686
14016314
13134409
13674743
14306395
9925690
8902482
11833887
10989797
9995756
11278681
10313199
10233034
10074456
10429582
9492779
9601719
9629557
9219086
9691024
9132739
11079319
10178596
12141052
13557996
10164401
12119243
11617645
9362156
14100502

7901156
