37105
35454
35512
35675
41053
37659
38144
35459
35845
35634
37190
35422
36007
36437
35992
35968
35829
35906
35714
38595
39735
40020
37139
37133
37395
35817
36081
35648
36640
37171
35879
36050
35808
35384
36010
35585
35389
35566
35468
35540
36284
35403
40439
36363
35297
35315
36285
36973
36411
38672
37522
38141
37893
35876
35881
36215
37897
36125
37746
41695
38807
45666
42430
38456
38088
38232
37476
41390
38978
38966
43399
37649
36185
41437
36797
36519
36759
36808
36523
36498
38597
36579
36550
36792
36924
36662
36823
36637
36496
36665
37552
36390
36805
37306
37896
41588
36867
37391
42045
37004

37291.2
