80891779
81082697
81141006
95759046
118695023
136962337
153906731
148534408
170508070
107975408
100022549
88805541
82869647
80936090
80955098
89375246
103563220
101046055
98665358
98778680
99214211
105015936
105061705
107262156
90182688
98136174
83739968
82235891
81629874
94274333
81060144
81389057
79329056
78254390
83696534
79661329
80073111
82894379
79991429
79025244
79912513
79350101
79658474
84695840
79738236
81615494
93789971
93092543
81583927
82311733
82470761
80592185
86008365
81142245
81392633
80333486
84094472
80395542
98007084
79621325
85423804
80816862
83005776
81678903
79245803
78597979
84109336
85198960
79765467
93070533
81409346
80907296
84593901
80404149
79097510
80454987
87541053
87597433
82972114
78068438
79031472
78588432
78231080
80488451
79137193
79102762
79232066
79929569
79523546
79477493
84033197
79415895
79348925
79082681
81709904
87650324
79915103
79980202
86100000
80358122

87867046

