5092
3417
3341
3242
3383
3272
3273
3650
3519
3702
3272
3324
3272
3322
3290
3268
3272
3306
3352
3335
3322
3274
3353
3272
3267
3261
3264
3323
3288
3293
3385
3459
3292
3282
3424
3269
3294
3339
3276
3290
3248
3488
3652
3469
3865
3594
3294
3278
3277
3279
3353
3274
3496
3272
3342
3342
3285
3280
3627
3284
3299
3286
3356
3361
3278
3290
3405
3299
3275
3337
3526
3332
3281
3345
3520
3306
3276
3272
3286
3996
3355
3326
3276
3301
3322
3272
3250
3255
3254
3401
3268
4218
3314
3377
3679
3278
3437
3281
3317
3300

3379
